14,12
14,11
14,10
14,9
14,8
14,7
14,5
14,4
14,2
13,4
13,3
13,2
13,1
13,0
12,8
12,7
12,6
12,5
12,4
12,3
12,2
12,1
12,0
11,5
11,4
11,3
11,2
11,1
11,0
10,6
10,5
10,4
10,3
10,2
10,1
10,0
9,5
9,4
9,3
9,2
9,1
9,0
8,5
8,4
8,3
8,2
8,1
8,0
7,5
7,4
7,3
7,2
7,1
7,0
6,5
6,4
6,3
6,2
6,1
6,0
5,6
5,5
5,4
5,3
5,2
5,1
5,0
4,3
4,2
4,1
4,0
3,6
3,5
3,4
3,3
3,2
3,1
3,0
2,5
2,4
2,3
2,2
2,1
2,0
1,3
1,2
1,1
1,0
0,444
0,443
0,442
0,440
0,435
0,427
0,421
0,419
0,408
0,404
0,371
0,362
0,333
0,330
0,322
0,243
14,98
14,1
14,6
14,3
14,0
0,9
0,310
0,305
0,308
0,304
0,303
0,302
0,307
0,12
0,10
0,8
0,0
0,343
0,300
0,423
0,299
0,418
0,298
0,384
0,297
0,367
0,296
0,349
0,295
0,431
0,294
0,377
0,293
0,309
0,292
0,397
0,291
0,290
0,326
0,289
0,390
0,288
0,439
0,287
0,315
0,286
0,396
0,285
0,402
0,284
0,438
0,283
0,332
0,282
0,430
0,281
0,411
0,280
0,341
0,279
0,344
0,278
0,327
0,277
0,370
0,276
0,369
0,275
0,321
14,13
14,14
14,16
14,17
14,19
14,20
14,22
14,24
14,25
14,27
14,28
14,30
14,32
14,33
14,35
14,36
14,65
14,66
14,68
14,70
14,71
14,73
14,74
14,76
14,78
14,79
14,81
14,82
14,84
14,85
14,87
14,89
14,90
14,92
14,93
14,95
14,97
14,99
14,101
14,102
14,104
14,105
14,107
14,109
14,110
14,112
14,113
14,115
14,117
14,118
14,120
14,121
14,123
14,125
14,126
15,0
15,1
15,3
15,4
15,6
15,8
15,9
15,11
15,12
15,14
15,16
15,17
15,19
15,20
15,22
16,0
16,2
16,4
16,5
16,7
16,8
16,10
16,12
16,13
16,15
16,16
16,18
16,19
16,21
16,23
16,24
16,26
16,27
16,29
16,31
16,32
16,34
16,35
16,37
16,39
16,40
17,0
17,1
17,3
18,0
18,2
19,0
19,1
19,3
20,0
20,2
21,0
21,1
21,3
22,0
22,2
22,3
23,1
23,3
24,0
24,2
24,3
24,1
23,2
23,0
22,1
21,2
20,3
20,1
19,2
18,3
18,1
17,2
16,41
16,38
16,36
16,33
16,30
16,28
16,25
16,22
16,20
16,17
16,14
16,11
16,9
16,6
16,3
16,1
15,21
15,18
15,15
15,13
15,10
15,7
15,5
15,2
14,127
14,124
14,122
14,119
14,116
14,114
14,111
14,108
14,106
14,103
14,100
14,96
14,94
14,91
14,88
14,86
14,83
14,80
14,77
14,75
14,72
14,69
14,67
14,64
14,34
14,31
14,29
14,26
14,23
14,21
14,18
14,15
0,274
0,420
0,273
0,355
0,272
0,414
0,271
0,432
0,270
0,373
0,269
0,328
0,268
0,437
0,267
0,339
0,266
0,350
0,265
0,407
0,264
0,368
0,263
0,329
0,262
0,347
0,261
0,428
0,260
0,320
0,259
0,360
0,258
0,394
0,257
0,316
0,256
0,429
0,255
0,392
0,254
0,417
0,253
0,413
0,252
0,405
0,251
0,389
0,250
0,422
0,249
0,410
0,248
0,346
0,247
0,324
0,246
0,398
0,245
0,306
0,244
0,391
0,242
0,381
0,241
0,406
0,240
0,337
0,239
0,311
0,238
0,403
0,237
0,353
0,236
0,314
0,235
0,318
0,234
0,425
0,233
0,365
0,232
0,383
0,231
0,363
0,230
0,393
0,229
0,426
0,228
0,434
0,227
0,342
0,226
0,376
0,225
0,447
0,224
0,323
0,223
0,338
0,222
0,364
0,221
0,401
0,220
0,219
0,412
0,218
0,352
0,217
0,356
0,216
0,415
0,215
0,357
0,214
0,388
0,213
0,400
0,212
0,374
0,211
0,313
0,210
0,331
0,209
0,387
0,208
0,382
0,207
0,354
0,206
0,375
0,205
0,424
0,204
0,380
0,203
0,372
0,202
0,359
0,201
0,317
0,200
0,312
0,199
0,409
0,198
0,399
0,197
0,340
0,196
0,345
0,195
0,348
0,194
0,446
0,193
0,334
0,192
0,319
0,63
0,366
0,62
0,335
0,61
0,358
0,60
0,445
0,59
0,441
0,58
0,386
0,57
0,379
0,56
0,55
0,378
0,54
0,385
0,53
0,351
0,52
0,416
0,51
0,301
0,50
0,325
0,49
0,395
0,48
0,433
0,47
0,336
0,46
0,361
0,45
0,436
0,6
0,5
0,1
0,11
0,4
0,2
0,3
0,7
